4672633
86061161
62882948
15355521
64319903
76858528
4811843
129539794
1742095
123839455
4658149
4642105
4895688
4642132
60944673
24858801
4642139
4642126
127836294
173999445
86356984
217635250
139790871
9720740
11679597
59157236
4642459
6451084
70943752
4564801
37578015
38247867
4642609
4813061
4642723
26181557
4642136
4753704
4593211
4642132
4977462
4660656
35745652
4642132
6176680
4750711
18580062
4642371
34117231
14443064
59143601
64858523
4642811
4697070
44035270
4642132
32552669
4642568
4400043
4614134
4647180
4644278
34837038
75884517
4638852
4986761
4655210
4648028
57601422
4367621
4743483
106832057
4642630
4628243
4067233
4621244
1869991
55889735
20951535
26153551
23518327
4753702
4620943
7030599
4642799
4385564
5424674
4642813
4642852
4642802
89765194
4642800
12059090
7904497
4642491
79219365
4642816
109525918
71489176
4647099
8789451
4535063
67711765
4726067
4637399
4623916
4642871
4642904
4980682
18260859
30641711
4667915
4642794
4642805
4642726
4614977
4722497
4890484
136109308
4538595
67970601
5054267
4227928
4850093
4680324
4642854
43490306
38965644
4642391
101363320
38214212
3945021
4777619
131300746
39947805
31084852
4642798
22412785
4482800
4642838
4902793
4639764
5965353
74578906
4558790
4642535
71842543
4610540
4631736
131361252
7097973
4169129
4642796
4378729
4641104
170816255
4574934
12700097
46982500
5628404
4635879
219818798
9714494
4642804
181589762
5060843
41900322
4642865
14695090
140817001
89330541
9074013
4648049
24019189
70219772
4618055
4292672
6208775
64282160
4548367
4642818
4646754
4725545
4654135
4446955
4642863
3172868
2724750
238433996
180742637
4851374
145837917
4666814
4641420
5417531
4445152
2877264
4642804
4385580
4586189
40396896
4646275
4497490
41917830
62908698
4642825
4499843
3999680
77921084
4642805
182339049
5157761
4642883
68356791
4335301
50977839
12467962
5256809
3275599
4579343
4496809
4450673
121485224
4491015
4642802
35295407
147826244
4642921
4574884
157656589
4646687
1847821
4642800
96866114
4663325
2610780
4621045
4803985
5226112
74785036
90494483
44496409
73507125
4681250
4821293
4642804
4680568
123431039
4406917
54443731
4642392
4771528
8065478
4640238
4642592
54407629
57801783
11314704
88955964
4655325
169162210
43123495
4796203
46637256
149352172
4438386
4690954
4666286
4597562
4656534
4648082
66982129
4593686
29748713
4486841
4591589
6340497
4500242
7020814
34134753
21245197
3811821
4649102
55477786
2284580
4647993
4648839
236602434
52632154
65822817
13021040
4647928
4637835
4499603
3979196
6278323
55500538
4733251
4856888
4654459
241345653
4483321
123043043
4645031
4693924
66076522
4648358
30227984
4644497
4844247
4644718
71567481
5048611
4643045
8667306
81385600
4954390
37295063
4658330
4648419
36384670
120300711
18864514
115420278
2150497
4550731
86962863
4657664
9647179
4589755
44510288
5207337
4697166
4630526
113684122
16324658
110260153
5335277
4648223
4644872
114090820
27327775
4655555
38441616
4641341
4633417
4746275
4623258
4402798
4638795
4636494
4579698
4270797
36048434
4642588
30161306
4842075
5355590
4803505
4642638
4642618
4642231
4642561
42402607
4642564
4642707
4642704
4642563
3611483
4642645
4642719
4642668
6714804
4642678
4642591
4589946
4724181
4837933
4637827
30028419
4878881
4642479
4623944
4369354
38037301
4642562
4677547
4651472
4636598
3592870
4642571
38759226
31118418
4642661
6661923
4550568
4472224
55314441
4709891
98021020
4641369
4245314
4642676
4334218
5235244
4664262
4638320
4639970
23046403
39517048
4638269
20482623
14140482
4640965
14176337
4425923
3312104
5732515
50985151
5101550
4645855
15280709
4623654
6419531
5686033
4641693
59666992
4401085
4313978
4642624
4664531
64759614
4549143
54994636
6860815
4445330
96541596
4764790
34960789
4621066
5395167
4638588
4654546
56976002
22089798
45013765
4718059
80184976
4584026
27559742
4594692
28315002
4545802
106418734
4575293
70825349
23584078
61049869
4788910
75964741
13730894
4482645
793934
38452887
70968779
4743253
131050389
4642563
4642605
2430985
4848486
67126857
68526224
236096799
4642662
5030870
4642647
4651128
2996931
57135671
4642580
4881162
5649723
4643560
4643019
4642982
4625539
4639950
3509037
4617810
5319897
4647820
4695104
9225644
4863000
5394609
75024776
4628618
63860491
10544388
3691693
4640268
71992856
5327013
222535666
178574879
100122319
105910864
23982755
4642682
5195963
54728973
6236859
4584141
4768974
4830671
35377518
194635231
6821190
4620761
113666709
57503418
4575523
4617440
4642582
4667475
4872100
4643849
4643406
45911080
4642706
4643105
4643122
4558724
4643011
54730650
4642993
4643095
4643300
4643276
4643066
4640230
4643170
4643075
4643171
4780783
4643210
4642998
4643104
4643057
4679441
6024856
103787510
42112657
4323864
12612315
4327441
25934350
38826263
4603474
4867044
4759700
58030549
16401283
4650335
5838394
18459103
5539225
4640380
84453888
12202188
4645479
104804390
4440320
4607342
4653849
71856661
155147415
4711183
4488408
4575461
8997986
4903123
3107480
4643239
121964282
4617667
36594398
4646602
95882748
47653286
4643195
128817698
4819633
4453721
6165997
4652110
5929852
56495269
9932423
1950148
132750018
4577051
4588969
4605845
4778494
6010719
4511757
4582244
4642878
203257905
7973698
62606942
4643031
4642934
38241402
40694031
4642934
4947533
4643369
4643106
4643234
4643263
4643170
4643140
4643125
4643283
4643205
4643513
4643129
4643144
4643187
4643183
4643001
4643156
4643087
4643183
4643298
4643035
4643223
4643183
4643084
4643376
4643454
4643057
4643405
4643292
4643218
8560969
4578607
4762538
6027422
4622114
4638706
91809718
68607199
46039145
4860093
152562608
111672145
4634350
5887807
111191244
4098767
63530238
71931270
4647737
28494677
4637835
4461083
4618599
1922386
31609863
4581266
42906544
33774960
21243855
4032925
5837987
4594905
4509758
42096176
18521222
10110391
4846806
4664284
79660988
17265119
16556791
4627177
57988700
4796229
4706366
55505659
4640976
41109224
64295477
6021972
64120517
4627659
4837033
4830856
4643001
4646975
4860265
54998925
4842047
5101801
4630160
4756280
11929971
5279908
4745924
4677874
4788610
4656977
4583134
42879650
4952861
34011244
4654021
4809501
4893845
78256565
4695392
4387592
5231447
65770650
4618824
4627110
2929529
4668781
17515363
5977575
4501408
4627443
4652433
9857977
4648419
10503730
8829655
6000017
4440356
4619322
4638106
90048774
42310024
4856816
53589454
4643335
8154523
4666269
7554910
4642934
26273780
59628057
4677156
3386202
28693560
4530520
4902195
6779662
47434603
4902630
5988501
4827385
4623944
4438919
4754876
76752877
4642878
4629879
4346900
4334745
129531487
4643057
4632388
130062446
10687909
4507459
4263345
64275607
30309219
72510030
5037800
3361773
69963150
4806783
17308570
4472936
4922191
5245955
30512445
4642993
112941146
4629744
5089869
158441192
5444199
4500531
4643001
4621050
4915428
94270924
4864934
2535701
4435315
4453397
30343863
4865088
4642768
4881843
3390165
5969429
26475450
4643300
4648481
4510435
47124985
4643001
4642934
4643022
9543599
4548957
183782717
123868347
4643091
131623475
4659896
4516079
4476535
7144885
4632388
4611672
4642934
15606198
4830968
3963571
4240583
6645674
7835179
4481543
4826217
4710126
4565522
41323054
4642934
4643815
142417888
6331732
11891992
4810197
4643173
4633726
68619559
6394787
4666356
28494963
4660638
3087185
4607511
4622081
4646708
120853093
13755030
4643001
3785897
4643001
4869317
160319230
8268352
124098790
4636209
5404497
2814791
170539036
135497832
4643061
6637492
36512699
5865977
4642934
4647424
4309657
5371980
27336479
6307079
4642934
4642934
58650562
4643001
4648642
4935643
4611779
4338898
4607790
4090652
4437663
4524946
4549893
49518191
4643995
117375886
4657968
4650737
4544020
155546220
43592795
4785582
101901701
6735429
4652191
4544805
54948303
69303095
5734870
4642934
77011596
4581984
50110653
4643310
4638342
4643001
4972413
80587622
8180364
3845414
4643001
202496436
123042493
86392209
23671745
10479370
4595098
8923677
4653631
4645324
4656033
4886057
4606239
4855527
4643001
4651167
10438660
172315077
4643001
5322256
32305229
4464364
4524981
38528364
55416206
30514665
4633026
4645192
15642850
4645289
4607311
4464300
4643001
4643437
11486857
4856007
38865833
9683418
4647180
81195790
4668546
5164139
5912983
4534424
5937975
3282016
123367310
40761908
4643001
4642934
4642934
218210127
4643077
4595036
5599000
75923917
4566477
25825239
140714662
26750108
4645158
2625148
1778147
4643001
4643001
4643001
4643001
9983358
4831061
4677643
54205466
116670628
4642956
4844909
4384027
11568241
5924814
4643001
4634301
4672791
5674295
4546494
4642934
4687032
4380218
61737390
89098250
4643001
5006830
11366173
4612794
140364315
4643001
17718155
4859556
96960177
5677674
4643001
4643621
64699992
4642945
4488175
4643389
4643629
16147668
4875080
4592874
6793905
4643001
13501529
94179996
5095448
4500448
4461260
79518358
4647515
4642934
4646195
4643629
4515260
4643001
4672384
4661029
39523862
4643001
109325753
4643001
4683797
4642934
4643054
4306975
27261044
74775961
22388242
3959740
4643124
4544744
4645324
4832304
5227084
9511706
4879039
4433184
4643618
4616825
4643006
5619467
4643902
40117157
4643473
4648489
4509665
28914537
4650239
4657914
4643624
4788882
4643621
36834580
179446448
4643624
4671966
4618640
4643001
4643624
4442584
4643001
151150494
4655840
151801132
60655807
6964655
20442355
4643248
65181359
4643632
77637392
4655920
4637693
27119922
3627063
41854966
21297922
4637614
74064613
4643001
4642904
11807290
4586479
20006130
4643625
8102657
4583471
52235678
4819424
191169609
4810117
103331317
4641420
4651287
12189207
71010423
81565762
99756504
4648021
4643159
38181251
28985713
4904608
6238507
5057806
4861262
4246918
4660943
18322750
4643001
45936625
4535167
8682694
4989343
4643618
4643631
5736296
4643613
4890392
7064824
4487026
4643641
4643343
16131691
4644343
9801933
4643903
4645366
4672216
4812008
10404543
5190814
4643891
4637928
1878368
18100891
87756287
4732823
66848689
4855452
149139497
92061549
4643628
4522633
5291626
4011215
43988434
23398661
4627563
4643628
4643616
4643682
3803445
128817683
14318345
6954972
4643001
8357322
68298
4677594
4784494
52869690
4692613
5233676
4643625
4656611
4008891
6350858
167794616
54891219
5785596
4456374
4454486
24204169
4643628
4782508
3535168
4835308
4651711
4611703
3007249
149187859
4643629
20933364
4643629
4641841
4680625
10307482
4664743
4461399
4642136
97596471
4649258
25461808
219169573
4468290
75724494
4959648
4660753
5926152
4638545
29099028
31621913
4606379
4642877
4643613
46820240
110754782
4582334
4602779
179792125
4647562
4668663
76915201
3539435
15198493
4425406
3335013
5935063
11352547
10293987
59020651
1791437
224393968
21902189
7204118
4823748
4522056
4535794
4649393
4659865
16741851
57283260
4551735
155868982
4827400
44695053
4884235
4626163
4643613
6084816
2200830
3843219
4632494
195091368
4536765
69293388
36953766
138800730
66595118
20163525
4131187
4544744
4648689
4851326
21321869
54962400
4644468
34220535
4842523
10864212
13093538
44347022
43092907
25527849
7107633
116972403
4645229
4683403
5910098
4421996
4598686
39385532
2578168
109343503
4616583
52818802
12479142
4679451
4643590
4643562
4643466
107612027
4966720
4650227
123880828
4838114
4643509
4359175
4644061
6835177
4643326
4643463
13617501
4624154
49951246
5411608
4751438
77423050
4643236
4643358
4643358
4643362
4643370
4646157
4643525
4643412
4467008
4648076
31903373
4652438
4680572
4775591
4619261
7540281
4643507
4643501
4643533
4667748
4643251
4643278
4643541
4643542
4561386
4591218
4598506
4643464
4643393
21068570
99141089
109385996
22583263
4644278
5100673
3624161
4719525
203644889
124505833
4643472
4865157
69673005
26255573
4610567
4692116
70876235
13475446
4699959
4712815
7908340
121571707
8700958
4627034
139472445
75970952
47274248
4701868
99719401
5384473
33995477
19518724
4749103
18191604
95547018
5223005
3892361
4768833
4826253
6894933
4631846
4860607
47273015
4512453
134087562
4666658
4656838
5654536
4357374
32983052
4515904
4633547
4715015
6322208
4810877
4643509
4453350
208079867
113176768
4643902
4644039
4643945
4643773
4643984
68281256
4643852
66030124
132530693
4643753
49479516
4643838
4643781
4643903
4644057
78073506
4566293
3651849
5130677
4991508
4347253
149693034
11815012
110039339
5094797
1956192
8262519
59745333
2868222
13587127
13998903
156612290
4644584
155186151
40782911
4814493
74293266
4649577
4582017
25879526
4642039
25326533
40151757
4735181
4525506
4880439
4674352
74925634
16170288
4718346
4650899
91610726
159865554
4644197
4674597
4734047
4848922
4524253
4658253
4821838
130015038
91992313
4643860
40711992
122471455
4643903
38267483
4643999
3696222
106511333
46893224
1818585
29357557
4627553
25677051
4569594
4762324
4318675
4646156
4639883
2599870
4643903
43656527
4643698
21047213
4522643
4753978
99913839
67970504
4458751
4814408
4570323
4674239
4513835
4643795
4643698
4674281
3078992
42945856
4685078
4643698
5148627
7537210
205388807
6194666
5003791
5609443
4636648
4643773
4681692
29318797
112944822
37771120
4603881
4588632
11490509
68797973
4357613
36217586
61488465
3074770
14561508
4643075
4629382
4380722
136147274
4644052
14355737
4831300
88163650
26602424
4662755
4754096
97569544
4899132
6073891
147144797
4630868
4543428
4643698
175875500
4989343
42976460
50282607
25521635
4605803
222141810
4654674
4678749
4584530
6339645
223825911
4642904
4641893
4561995
4643698
11362388
8629803
56972380
4643716
4499867
4469572
13317774
5462099
71230914
56692036
27973095
4644043
83660190
4582035
79990079
4512013
4890026
4598690
4669489
72643350
24468398
105210877
132505725
4644055
24168307
4534714
53569185
4644068
83973594
45264470
4638717
4894099
4708753
4643489
4482578
4644069
3302393
4646507
4643339
34128037
4643698
4643750
4643478
4643721
4643698
43726864
4769471
34963738
4387470
4644061
4589968
29997182
4677470
182422239
93389260
4644059
4505282
4034917
4605441
4686888
76064331
4820489
4635887
4647304
4593900
8553009
4442782
149266770
22984818
16474615
4588418
4643698
4643991
55701410
4657135
4479794
4644054
81364996
4622934
89777008
4387543
108823063
36328352
4721439
17428795
4700172
4600435
4314681
5761693
46697041
4422058
124677346
4622318
70042476
15765403
128873823
172477571
4064401
4644063
16900849
4606742
168881326
4633774
3450552
116491888
2881846
4644057
8967504
55160829
4644018
4644071
46842509
138209718
736829
4811548
4823620
4646754
47892379
4732671
4955518
12590438
4631963
61662829
4833590
4618043
4597085
4644127
4671965
94268364
4303963
4626617
118242576
112997608
25124528
4280082
75695326
89353870
117246868
4862168
4889513
107323773
4782318
4587921
8105518
74940837
4769920
4465518
72798927
4638084
5067816
25287423
22669924
9335987
2041602
100539087
4701642
4879815
109051
48736381
108967225
83457937
10114541
38247141
54977528
4631694
4549474
4392866
38704735
101939138
4643698
4579313
5012082
4516142
147039437
5181396
184003024
5327475
38013050
4643946
5933193
4602889
4582322
4580564
4427763
4643112
4395721
4654647
4610507
4900507
98783927
1915617
3333966
4643724
4497196
4645556
4968706
9209888
4662897
32728150
1837617
16402856
4654018
9627615
43156056
87278846
61714056
4644155
3957285
4643979
55710664
4633760
4586565
4582719
126903243
7924238
4709056
135490759
4647688
69390283
18940219
4938892
4934286
98557717
4644068
4533496
4643698
4603118
4622189
4230722
4631413
3279394
4763783
4783919
71575501
4866314
28627495
4425492
4643872
4612443
226589
4841590
4657574
4649156
112255751
4658636
4643820
121260321
4643948
4643881
4643979
3852904
4643698
4972113
4643911
4636566
22032879
4643618
4643906
19046082
33345946
125620278
4644065
21890337
4643972
30390076
9813897
37028328
4644063
4885078
73642950
4754334
4643885
4644036
3482593
4640399
4643897
121485139
47445255
4532810
4643979
4649130
4644158
96596291
38526081
8193671
4641521
54425752
4754197
43052135
5837020
12462254
4639982
19222121
3381068
4638158
4863249
406715
145943541
54419174
4678095
5923455
24001716
4652695
17810920
4613110
46804472
44305184
4655216
266519
4641615
4595044
4635853
13657823
8818965
30918504
70549832
21374968
4581530
4590954
4644372
180455689
4530907
4643979
4644403
36043913
4634446
10100389
4644294
4542848
4644392
42612920
4644190
4644299
4621535
163722672
60352251
4644281
17653213
3145310
4613491
77261270
4644256
4644192
4533509
4640208
4644151
4652387
4576860
4869562
4657195
64750567
4644165
4644370
145029140
5299751
8742458
4554120
4606704
4870531
99513987
4635607
88300178
4640884
4598623
45648990
4372814
4640044
4636336
48004380
7997258
373241
96955245
4804411
4353615
4986777
4683797
4580987
6199487
11558754
4669712
44089347
4737268
4894587
23667550
54753597
4787409
171333910
4640417
5298640
95340652
48693076
63964220
102683586
45710861
236653817
52854889
4742785
3306797
2622239
42718572
4644290
6847097
4796578
4656027
2759119
4715878
77587046
36691917
53126886
4651832
65734415
4611752
4582927
4425679
4644136
4522633
4512014
4471696
41273317
69956254
4644016
80952031
139440861
135437748
7274544
4644073
4649779
4653740
134977724
57557770
4644299
78216099
4644136
4898582
4012740
46682603
7604482
145149522
119470816
4644196
15598319
60944689
38100964
59766564
5847806
4668222
199335613
4574994
111567850
4378424
43075654
4733231
4634466
37516320
4882661
4694267
4636075
4627591
93603241
4644399
4020614
23519189
4657134
179644193
4821384
4644136
116670619
148651821
4644136
45626202
58797236
4302371
76197882
4644170
4522633
4643698
7066772
85432907
4443039
4656120
4557541
4644304
119374830
24616594
32347899
6808117
4677865
6376064
7359994
71272775
4641420
4692053
23723670
4675311
4706254
4841598
158499738
4644221
4572547
46024736
4613182
5008878
4650570
5992859
4605951
4644216
4628316
4518233
73246613
73696653
16996113
4747534
4644524
186900147
45216951
4572481
4641380
5051552
126160516
9844991
1816590
63687006
26473596
4644298
1817851
5806012
4638755
4255333
4755726
4883122
4371260
50797495
100288420
4844251
5645606
50558558
4644136
5049680
8024956
4644385
6902551
53535187
57056957
108944049
4644399
99839769
70331689
5497225
4917863
4646157
4667603
71475515
130288830
4656591
4636177
4543384
4642498
4643638
91950666
76268852
78291338
98062804
120596038
4632212
1730622
13024778
4789777
76031718
4667475
4876371
4650055
4752832
4696141
5194641
4644136
5703654
5237560
5604226
8400288
4711414
146369515
4650616
4588418
4552967
54097587
30298449
4716273
68051503
4644140
137656634
4636061
8201776
4644136
63575976
60635870
46336476
4644240
4645125
11525068
4644136
4644164
4647180
4721247
4650988
38556878
4712540
4897040
61754753
4644200
5046278
4602692
4644965
4949630
78526366
10171070
94595319
4724101
4589006
6015876
5037809
3929420
4296475
10374168
53283961
4658757
47198991
65670182
4951932
4640123
3977696
4866838
73566885
53252895
22860706
9570893
14193316
71969737
4641866
4600418
4577822
10519847
4629884
169540970
4644358
155340521
4789542
4523495
4655094
118218174
4728153
4634035
27116643
55401098
4700649
4650470
4645324
15186291
4643474
6113623
39791482
4636061
4346873
73598762
132507770
30959087
21380092
4637326
4561801
4644330
4650332
4562451
235228240
105188385
95682423
4644136
5212653
24751318
116188013
4648377
4725389
79306882
32421651
5762645
4646611
48661467
4922261
4574488
4644627
23790360
4644834
18526946
3371
4644506
4644534
115077680
4363281
4644466
4644797
4644492
4881471
4644114
4699950
17666594
31009802
4656638
72194222
4649726
120573190
4308867
34491880
2897436
4523466
9547988
4754057
4647603
134079530
4545623
4647600
37439366
33784633
4322472
4612586
134214980
140960196
6040231
43705686
4599693
4647600
55310146
63678107
7114789
5070058
4832710
9106355
5226921
5411872
4651095
5397441
67055648
4667272
34464952
121485173
4644989
4644264
70670498
117505081
42223693
4648594
4627706
56048176
170638136
40773937
4644136
12568727
8918318
26873299
4653951
4864440
4453685
4540198
5058557
4644271
4644188
4617921
4644132
4648206
51412624
4115159
4602798
37689732
4666769
9900167
4652131
6976852
4623258
4406485
30348791
40854557
1521531
4645039
4763555
25891726
4901855
4644727
6254714
4501812
4646332
5242551
5181405
4786105
4618969
4748363
4632836
40993489
121209584
38316509
4654086
8633505
4644372
4490823
4882661
4644555
4644849
4644635
4644499
4644748
4644622
4644623
4644685
4644726
4644650
4644571
4644554
4644616
4644662
4644657
4644565
4644609
4644606
4644695
4644669
4644608
4644524
4644820
4644679
168754575
14032288
4800731
4836039
1371901
50142694
75948086
4568607
186881543
129565959
4809456
4632131
95247549
35210928
7924190
34416694
29741509
135032844
4915406
3602502
65782857
4871372
49830811
4612500
4606953
10139790
56723612
4645407
4775225
4604536
3695201
37128079
85269651
5870665
57159458
31848052
63894355
211848012
1269176
3858075
132541757
131499846
4525318
229658957
15738336
4651067
4643601
99199275
94295655
3606672
8321959
23943363
4884878
4632234
4628814
26843188
4342147
10523038
15776943
4624252
4655178
4612645
4706984
4949679
4629431
5105515
4102180
4502392
4644636
4644532
10580755
4644372
64524466
128632017
77336615
140833215
64633310
4642766
2918234
4644468
4727544
3808492
49545709
55272870
4538297
123531380
4654878
8731451
4644372
8423583
19063452
6177550
4641257
5226445
4518026
68405371
36811314
20818759
3913682
4644557
4687628
4645106
136215978
5878274
6668882
4644232
4586637
4644468
104197267
4648415
4880370
4467299
62415795
4644492
4917625
4644372
4644594
4500446
45004608
50555900
4644729
144048542
4375668
4646835
4716348
41644902
4644468
4644468
4644519
8855353
4631734
89435166
104203543
83371791
61546851
4644468
35594911
4740521
1680822
77499889
4378230
4656118
4644468
4550976
4242849
4644626
155267180
4643698
176681106
11181805
21703924
70864922
136007531
4644536
111185569
4298885
15752270
37823631
24824513
4653828
39366083
71320634
5940295
4666882
60858911
4815312
4458596
4644468
4675171
4644468
4644468
4288881
144290154
5047651
4648537
73338746
4468290
4860800
4687394
4380674
4580924
4644468
72563128
3489119
118200519
111364904
4644468
57957487
56100770
4303963
4616265
4644468
4651079
4644583
630937
8663610
222548533
4644372
68475642
205152064
4951444
23218365
4666937
16270036
4644468
130596495
4644489
128645869
8231758
4469363
4645483
95341316
130308123
4495907
28768615
4644468
10013096
55620416
21341757
54137901
4471029
4644468
4727675
72849415
4888334
4644468
46905042
131418113
4679682
5808561
5893482
4644468
4397472
18386124
4488824
4644468
4663474
4645161
4644468
4856770
5836362
4644468
4474164
26222949
4346832
4401372
118890837
49181849
4642766
4645150
4645158
4652779
4644468
4644432
3733664
4644540
4644818
4863132
4212638
4481644
151864611
4644468
4688349
4842413
122026031
5421453
4868837
66932161
4750029
4645149
4644879
4641227
4192151
6002937
4645149
4705815
4625527
8681762
5356239
23863949
5727735
4645152
100941997
4644372
8905536
5299593
4919327
4658068
129292912
4552278
5325278
113793585
182180103
4644730
18386872
4644468
4649880
4641952
6947020
11875005
4644372
4645149
27069289
4521968
4648331
149570510
4644468
4627441
4645164
4767208
2457183
54961685
4938736
4642788
4645157
4644764
4645153
4658152
91771556
4645083
132785852
4966487
4742637
4401403
9777618
10053425
4651335
67677359
14960998
58834365
4524949
2087753
4687970
4655119
4645208
42179423
4651322
89093009
57616934
6157786
59795173
4645245
39178486
4645256
4641420
4645247
5709429
14875202
4635733
88366957
3324068
4645183
4645149
80182149
4536794
4645157
4644307
4645193
61439347
28408651
4629836
4656428
45874534
118043059
5984002
4438539
4645161
41417546
9949428
193258914
4630938
4645211
6628770
70075443
4645161
4648537
4645149
4636266
57671003
4644384
3271066
4645162
4645161
7336758
3888120
4814011
33617463
63679325
4462057
4654866
4645151
4645254
4622598
4645086
4645146
4656027
109168228
4658218
4467486
41596111
5090574
7246256
16884338
4942172
4677873
4645210
129569945
3751850
9232868
4645156
43440123
4645357
4570047
4562715
5468620
4216784
5111762
4646041
4595141
4645244
44655013
4642760
25264116
4645150
3903467
120214999
76804084
47624581
4658937
4645206
32141860
31739671
4644421
2627908
4572285
4625610
4618199
4645166
16189244
4687267
4650055
4610540
42594440
113712391
4650886
53723919
37846374
7914403
6459756
4871751
4446389
4789149
53119902
136258785
5624412
101960141
4821314
4650735
54146790
4364477
1249486
5845264
4645211
67201040
4675238
132464361
45336899
4533025
4635870
4525698
183181421
51921263
39910200
31824393
1757007
4644885
142291006
4748614
4645000
4597451
3642693
22605341
23343869
367270
4518080
3979351
11118075
5052906
4566213
64934122
47938840
4640474
4548958
4590496
4594806
4645229
44782641
4645218
55022844
4649203
15668204
83589566
17057861
4644521
4519833
17497043
5833677
4652178
7591048
4650225
4055868
5587782
4851024
4666827
70715071
4628311
4629648
4646280
129022966
5539079
4946720
8157196
30279734
108447588
4614423
86777507
4671859
5755572
4644299
8700323
4591144
22335872
238777443
52035067
34548017
5271127
4446932
16405769
4696850
6074697
4359458
3660779
2192658
4980052
4558702
4043256
4512117
4992625
177532417
4786087
4725093
14931563
49650768
123721999
4645005
8594542
4848505
5135132
4644836
4644762
4644949
4644988
4644779
4645031
4644720
21380449
4644999
4644797
4644883
4742025
4650690
4870705
4607795
4645020
157150583
4644962
4644874
4656519
4541339
4643178
109537920
4644724
4645229
55177084
1615448
4644978
4644685
4644987
4644992
4593738
4678076
4644991
1917635
4644852
75594172
4645043
12835933
4807723
4649587
4625039
4618460
7139103
8667223
4452890
4647750
4291348
4668060
4796860
4632479
4771671
4730875
4385001
4659289
5232091
56230557
64121352
4596932
145779726
54101201
16739961
4656976
7031767
4644947
88182224
5536044
4662419
80680848
19862156
4695305
4663888
4590993
4637924
4643152
4644967
33194999
40462919
4396996
66664853
2512488
4641725
4634272
4764423
38285768
121121966
13428466
4948714
4590437
5027944
4645038
8002175
4644924
4645019
4650496
4645074
4644984
82558813
76304499
4661008
1073486
4645103
2974000
89469044
8118101
4561733
4558441
4645159
68449842
40313956
4472179
4666793
8968937
103193199
4517318
4580433
130062550
4645098
4965526
5801373
98470763
4643609
4626747
72011306
4669751
4443459
2848467
29449678
149757458
4590571
3689194
4586888
77307994
110137661
4642244
4266581
4971509
127537127
3581411
12326225
90647975
4668476
4621464
218849208
4061208
4624069
4645031
3811227
4644936
4683991
4644940
4635733
4639578
4644999
4664728
4644938
5094862
3319797
559157
4827578
69086763
23725043
4860296
4541432
4617618
69432472
4645392
4789610
102938493
43963910
4645359
4645404
2176243
35916037
43582817
5645171
4645404
4733381
10941397
4658504
4623427
4651779
413257
4588909
4611999
6226976
4643153
4645420
5656970
70950906
37677706
62936522
74059719
17371882
4647656
1706173
4640386
4616927
4645427
4645772
4645491
4645772
4645763
4645394
4645631
4645735
4645457
4645420
4645664
4645425
4645413
4645439
4645385
4645429
4645425
4645535
4645398
4645556
4645707
4645362
4645606
4645411
45287440
4643314
15371673
37321141
50452398
4544551
6471662
4638087
5134205
4099733
81574835
4342664
4638856
51639601
4712731
91916057
4428149
8664665
4643135
119281404
3667649
89636604
4715611
7946493
4524013
4616761
1264001
26227097
5995265
4539150
94271118
4912918
22392026
4632917
4649720
4637996
4623832
142334251
56685297
4862623
4653717
105729867
84971925
4747244
4640073
37488858
5286719
61699428
109648872
43915744
72771584
4598286
4809162
4518431
91505980
4638150
86302426
5214914
75535472
4644342
4439719
4648433
4791840
4496074
32775067
5938763
40313222
4843643
4713266
6286622
17809710
4462114
36648197
17215009
73270607
5804119
106448943
4624927
100619005
31206463
32946226
34800029
5613864
4678352
65249835
13993576
4744566
4662523
4428418
4425780
45038426
4879130
155202935
11744481
4919615
4221388
133265199
27439985
4653951
23801838
76280578
121141466
4582490
67357983
12519508
7082104
62320089
72048836
1435943
4655693
4625707
90096840
4658865
4930005
4350097
2987971
7886196
25725234
5627660
6567988
177983133
166763460
26295161
60251626
4725928
90407812
4589846
43576106
4841995
89481004
4645022
77254582
83013455
4500050
122636640
19674317
4651659
4645289
4655129
4645324
33335732
26306803
15328721
167103706
52616525
4618999
4698962
8787153
71592975
4643478
86944464
4677265
4708916
9667476
32936123
4929649
126302567
4402357
57442262
74780831
13015095
154974916
3745838
1881771
145073411
103630987
28086510
8958635
188935921
73253041
99070391
102093862
4611277
38538510
25933878
4791644
4793270
134811963
4595266
4683764
4379129
4649252
4733170
4963088
7535970
9608274
4645324
47173220
77559950
5637001
188880324
4768253
4619031
78373055
4637514
3662802
4627319
8824079
4645289
4650013
4664670
4648347
4645324
114976264
5302764
16138322
4651365
4632897
4645324
54500578
4646709
8358857
49491354
4645289
4645289
4435106
9611379
31896645
41153572
4644468
4645324
2573226
4645324
54915298
13106110
75629917
4772991
94814619
5001862
4730042
128918458
4428139
5889491
4664551
46559768
4645324
4645289
4647567
4645324
4640240
4645324
4645324
6680086
4870401
4645324
4645553
69449117
5275856
8020367
4645324
99303344
175270702
32196326
4822906
15357184
145173588
5158070
4639919
5747917
2290261
4645324
4852458
4622783
122501292
4378706
45810862
4651357
6142874
4652894
7916835
4658983
4642934
13153402
34250304
4644644
4654063
24673935
4132058
4645324
1426770
4623545
24096126
4610468
25517305
50184293
4522902
30484212
6694472
5857186
4649841
8705143
4515210
109715122
4645324
85837738
4636947
26801627
91460172
5158930
110715545
4696028
17348189
159426935
142925171
4723496
4645432
4644002
4645324
4645872
4870638
91950963
4584377
41448908
19356720
3168796
15160728
77056306
4777580
4640187
2247319
4384760
4645324
4605344
4683884
7125643
32340828
4801448
17189250
4645324
4622290
146244042
77693742
4646072
48727954
55844563
6851735
4645324
14721697
4607595
4706637
147144964
28241775
4708897
133229898
75502044
56984179
4645324
4645848
90182785
4663209
4646091
139891438
4645324
42076151
140107438
5562012
30388309
4649521
4649417
4646205
4638439
4646202
14921102
4646076
5402268
4645324
4542872
4645324
4645324
34248235
1972616
4468989
140088228
4588273
22545919
4696036
4653683
4941581
134100551
4646198
6218152
32230964
96641234
4651611
39190995
73163083
4662875
98927038
4646076
4654073
4663209
4645709
4646207
4646205
120899366
4631682
4898899
64081462
4642834
124761489
4872723
126436259
4661456
4646075
4646205
6835651
4646087
39314423
66900995
4645557
44215549
4646055
4663668
4675701
105164109
4675859
4762903
30656420
4429419
154547742
4645950
150548917
175797834
4517221
4857043
98395362
4313132
4638785
4800936
4649317
23203442
94910303
4652279
57846753
5893375
4556169
89434143
121147971
28603386
4650432
4607111
4982996
4581522
4594585
4496153
4809657
183783166
82592679
4646077
73823167
4599452
57755979
37259406
4646075
4839051
4375731
4456200
5272395
6144813
4646073
4646240
35253167
37673965
42455859
4554807
1626074
198558240
27782233
14116862
4645888
82352146
4646087
4646064
9060614
4712262
4747446
4645981
4535158
10021451
41955634
133952666
4241834
1624456
77074011
4571714
52122673
23852360
4645957
179013368
4646201
62647872
16210077
4952073
56514998
21260530
4622731
98868734
6076505
4953652
88428464
127049616
75654551
75821966
4646361
4683747
4637087
4429412
5826439
101845655
4680568
32201424
4646178
4567624
43264002
64616232
4586305
4651274
4631574
4754165
84028050
38696100
4646089
4564533
59798624
4651306
34555570
6444246
54365041
43756707
33547740
5717751
4834519
4018054
4844943
4874797
4647115
157731808
4646203
4896895
4624192
5279165
41769471
44326437
41906994
4645026
56084488
4646198
4629739
6963975
4628552
4867445
4725942
4646620
4645874
40714233
36335090
57058931
57220374
4646193
744414
5994783
4691131
4511343
4645954
4668835
165198801
4617294
4635970
4646676
79567612
4597238
4763211
5594341
4646202
112795319
4655237
4645646
4645938
4575813
4645930
4645866
4442463
4636590
154161625
4645839
4645762
48120055
4667785
8525211
129188976
4645928
4641161
4370789
4646194
71913423
4804248
158242414
71560734
4299314
6708832
4616919
3189275
4353989
8896534
132667308
53519052
4516741
48910600
4779418
4646264
4646944
4930484
4856255
4646208
5825486
4648603
4645869
4645953
4524271
48947635
4646016
4707491
4645723
47331402
127563163
4597597
4994183
139644239
19633785
4647455
148184377
5327684
4397428
4651148
4484844
189700163
73122476
138030453
42390683
119629078
74896337
236503327
4912919
4698694
25124854
64734702
4648028
83866807
37998789
67389810
121225026
83795318
93687580
11714274
4646676
13153077
109265023
4683876
85713553
69954917
4643743
13167469
97465391
4655679
27388199
4632675
141515511
4646263
4169907
4646387
4646187
4644482
4643625
46088931
4790846
4646232
4625228
57426395
4616829
4646319
4651352
26212002
71703343
4634211
5949658
4644276
18578745
6309387
29684458
19794220
17155069
109384117
16582045
4649456
16694005
4902408
4512259
17413495
3993540
45974543
4647277
121808211
4664313
4615019
7121192
58957981
4618070
4562863
35224169
3125444
39887642
115228098
51957754
47266289
4658261
134540190
4650243
4652783
46457270
4567697
4648775
4646004
5965136
4622918
3681984
4572365
205619776
4646193
51379186
4663053
4646157
2841200
4482222
4411733
4646060
4621316
4646181
4624282
4646078
4597687
4643276
6126634
4569560
4724463
4646046
4645819
4155649
98728050
4645982
29606420
4645760
4646070
4646032
87764636
2990475
4429639
4645849
4645866
4645757
4584551
20178642
4645849
4646086
4646438
4656880
4654676
6174481
4602761
6411837
27225233
75606566
4590091
38519012
4646603
4561987
4608078
5460826
5042802
4785752
4479500
4640404
4579638
187726300
4646157
41655428
111701477
4672174
4831131
8105190
62738570
4574457
47339941
4650470
6189650
31091510
91097451
4645939
5639663
6875021
44246281
4648035
3698240
23673111
4674909
4646157
4646084
4652364
133704133
42731843
4517390
4646617
4646579
4646470
4646369
4646457
4646553
4646453
4646544
4646343
4646471
4646674
4646499
4646416
168824715
4646655
4646402
5038288
4646376
4642671
4889671
56287611
4406844
4635664
51926118
4922535
4648639
4652470
20796273
4465133
130849028
78702499
94703376
1841437
23659568
4677467
5262564
4805790
4768474
4654267
4721442
125054755
17562428
4626838
4875740
114404535
110632654
4650245
104907000
2753091
49013972
4502476
159800076
25974270
54610566
15105161
127529789
5468612
67655998
154088363
64506590
44351955
56862557
65382419
1637370
4662957
46352593
4969163
69107861
4564342
22731441
48614809
13365169
30255370
73410266
4776197
61694961
5353035
141713175
20012225
7161636
4572967
4747325
21341855
4784920
110015727
4796792
76495077
4637683
4645117
186273417
4581047
104607682
3361506
37381190
732591
67967165
4626463
40872132
31655329
106416952
61675028
4291270
4569910
5416490
31839979
4768542
3073261
4991054
43946983
39810459
91324495
4632613
113570976
4656996
4603118
167414695
48861739
113265615
4648538
146701152
31160001
510422
4656316
122225800
4646446
71692902
4848622
4807678
4629875
4633747
4588476
49191890
5254796
80030963
5927782
4646157
84746544
40537383
150413899
44450777
4650055
106835620
5811714
3039070
55180765
4491667
128495340
42189253
18387582
4649881
4608517
4774995
84491790
3705664
4580488
4803756
4644432
33639329
141814805
61315392
8282556
4641258
4646275
6052712
4734548
40002842
4637808
1698683
111397890
4589127
8734463
4646676
4809215
4346873
115239564
4535257
4484789
101349207
4694319
4468118
4645995
41741778
8681262
67369340
20736764
4646275
4624252
89905133
59589450
4646698
4646275
4621467
4536133
8235086
65577564
4646685
4648080
11117339
4649461
4686791
4964156
4646157
4653906
4646686
5106808
71923406
4370821
10415476
27106362
4659067
34014059
125512315
4333952
26032146
57397391
4551479
4656694
7913271
31865739
4646275
4651030
5171862
4574934
5243044
4646683
4637828
4705506
49064682
39709015
8859785
4646681
4646676
137217329
4808616
5720574
4646275
167346028
5202947
7272429
35951049
4682369
4638834
16116912
4652838
6102348
70186411
5778626
114464741
4453815
5658152
38240260
6913620
4657134
4651594
4646211
4652838
96806169
4651225
4646674
9487953
4646307
4652313
4593247
58489185
71430404
31310955
61965421
4646275
21545708
40566841
4646674
139913853
15092535
5852819
4618640
4646275
4510042
4307014
4683197
4661112
4827126
4653698
4646676
4647180
228743688
4651721
4763773
4646688
4646676
4640178
4646687
2816301
4646275
4611636
4647430
4654782
4646275
85445199
36038634
4191267
61407824
4222014
93262816
4646679
36010161
146938502
4879319
4595178
103058884
8071568
4763290
4297801
4650535
186327045
121356777
4646678
133781551
4898368
7039797
4779263
4639834
4750805
4646275
12158226
5129905
5427494
4857903
44934936
4605747
4688409
35089650
4643901
4634601
5661475
6106489
4646746
5444473
41338140
4646691
102419474
4653779
4649313
183814
5773091
27338709
157024018
4677650
5210496
4646683
142918594
7593254
4652642
17838212
4695179
4711138
34161703
4544467
4871069
28359548
173995232
30176150
89919022
4705148
139720143
6048965
7922317
10853878
4646275
4646676
19075941
4594895
5253466
130536289
4647455
8834624
49410106
111848041
4646676
4650055
29642463
4538428
62264979
43933522
4834749
4646275
4433062
4344338
4646647
92817960
4462152
39319637
35593842
4646681
4177904
4327506
4646681
4646682
2474145
4556919
16872630
89930603
46488019
91795528
148904035
111374615
90442666
89025491
22447191
91664116
90242574
90242002
89947883
16872680
32338831
42599979
16875095
16874997
92035402
16875114
32482731
91811944
60368665
92011733
107480858
4871685
52206396
2737384
40741098
24420287
4599762
57539845
100188981
4462462
56202086
68708677
89612983
18656008
4799944
4791567
100209756
21148289
4714371
91689168
26012042
168699143
45678927
4474292
4646671
5418789
68855148
92037393
4591923
4646676
4646994
37998254
91772103
1593097
67946003
4451254
4474574
100236443
4654069
4646275
16895869
3969094
48386081
80766933
32377351
90378725
91606830
5542995
4432959
5142595
107739415
244718604
4646693
4648578
4619115
49715481
76033183
5932428
28234578
7106754
65098171
4855855
194943728
92881985
4661272
20630988
71149971
196357466
904141
4700663
81746233
5712305
3628259
4642949
22576521
4648530
4646225
83504503
4651335
4397458
166567179
3580696
5181129
5927777
64235228
4785707
8438667
4638406
4644372
44277339
4637989
118961045
10085641
10042353
2933211
4646275
1502082
4646054
92966765
83803243
13801084
4785788
4828825
9994433
4616163
47350869
17876115
4646780
33052772
4595529
4467755
29852629
39431885
4680612
5718313
4646906
4845282
142149826
4629114
5022085
4648267
9548264
4637924
33174746
4646554
4427850
97979049
4654442
63880434
4575650
6323312
4628552
4648481
5102706
56260978
162236334
4668066
3691865
1910311
4646275
4858662
4578110
4687767
4571062
4012347
41170992
4622778
4628344
4628651
127833783
4372903
4652509
5228757
4599312
4570595
169760342
4725775
4701380
4863882
5561906
21581526
5614299
41849762
4646574
49634691
4647738
4651335
6729819
52813890
8468827
4612998
4646454
4646275
4646445
4636084
4406810
54987301
23904104
4503205
4646130
4646550
4646462
4646545
4646468
4646577
4646352
4646068
4646412
4668332
4837618
4818630
111062259
4700704
7643562
12626184
4772038
4646488
57591613
4588620
4695005
4646477
4595075
4593046
4830902
1066927
68679757
4646556
4646412
4646559
5074499
4672693
4641568
4251158
88224660
4646561
3832384
4646527
4646409
4646385
4613997
4646389
186407792
5208487
4642707
4646469
4769035
71184447
4646467
4815736
4647101
103519027
76299401
4646518
12387007
39962872
4607870
4646585
20720551
4621847
4884832
4667609
4650800
4530495
6456674
4812304
38015340
4996282
4615871
30061738
4646376
4611074
4457366
4750166
19479126
69874841
4461785
6719210
4649786
4815436
4523586
4950125
151049303
4643083
71825930
90435010
4645399
4764214
21767686
18280560
5003273
3778960
132398198
59456873
4646939
4869418
4646971
4646842
4646514
4646843
4647144
4646789
4647059
4646997
4646893
4646911
4646920
4646960
4646874
4646870
4646792
4646882
4646923
4647112
4646907
4863447
125402370
29678210
31124799
26574572
59277952
15610648
71900294
4642662
4650333
394819
4651824
4252262
4491644
4666341
166730784
55261900
4643979
132924134
5625808
19254044
5794171
55349316
4966916
4857142
4436520
44308870
6294281
67004612
4523449
51722409
4641786
7982971
157047701
4637229
12474896
124101761
4652004
4883476
83108191
94569318
4545019
4563300
4649710
13492024
4648715
169412643
4834573
315881
14401007
4648236
84051810
4652731
38923849
4672003
4607613
4593826
37428081
4353776
10275963
84608758
855734
4545920
4586425
4675204
4406465
41331209
4649934
4906506
4646630
74623410
4711375
4659023
4587922
4708066
4646754
30702644
22715689
4646754
19930801
4264797
3454937
4647102
184621458
74016861
60997896
111894265
4784488
48143477
142081270
9676766
4648236
28973351
4605622
4565253
96659300
6026415
197653476
5372392
4644544
6153271
113801091
40167684
4646737
4599422
4471812
4646754
4823274
3838555
139670958
93027034
29022945
4646969
107552707
25856454
4939461
4636226
4646921
4649408
4646984
86609767
4941778
4646754
62068655
341289
21539045
71553627
4646754
5284136
44842956
8581011
4428076
4646889
4646754
44230599
4646881
4963226
73786829
4572328
4627609
4647098
4990458
4928527
2304080
4646754
65044091
4986240
43818272
4646643
4646969
4647408
4646754
6413878
4646754
109777276
39167823
5643037
4646754
6747611
4632455
4646856
127998503
4646754
4847606
50092173
4683289
5141776
4504458
4641197
4681499
4817899
54820056
4646729
58906626
4646084
33901894
48677804
108598176
106573211
4646754
4651207
4664585
910552
8921078
4646907
30445021
4646846
4646734
4734623
4650799
4508782
106580998
4643001
65461713
4605237
99272523
11036054
4807574
3843626
4650470
4646863
106287417
5526097
4337201
4915827
26224025
4646578
4695929
4971332
103210276
4646754
125857015
4766177
190729005
195713535
161148499
48291282
4647414
53863372
4647378
4647104
6174189
31727002
35309242
220581865
4646754
4650963
4627307
87038790
77323680
4691013
85853215
138374668
132179580
161056491
4467239
4744468
4668781
8759296
4441425
4726023
28559923
4764211
48952594
4628311
4646893
4647388
4642573
4646691
4646802
219091414
4647020
4607964
5012759
4647505
31770985
5012378
91736932
4646754
4646031
48146407
4799217
4640501
4647372
4646754
105175631
31592003
84140687
44235098
100103524
59401721
71892398
45127084
4769160
4647322
4647393
4647358
4647627
4647559
4647315
182778689
54908204
37808105
149372463
4441327
231359065
4644300
119245155
54072553
4647612
744474
4583593
58969715
4642494
59073136
176587287
4582033
43123542
83537981
4593389
4343474
17842216
4676941
28839302
4589382
59148595
9421791
85700279
58400310
31912360
4750272
4836502
37395494
161132061
111594138
233998295
37776718
4763040
61335518
4873448
23856791
58672874
20001775
9008019
71142067
101461957
4752518
4599093
30679348
58588755
148589439
4646463
4643161
157638165
18870678
52984757
34787967
36976502
9771985
4963056
7485765
73621439
160816736
142254813
4608646
10098056
80667137
105657582
6238400
22838466
42151599
29872105
215839
28634821
4647398
9326740
35875829
4587893
99469606
4966597
174320699
4756467
4647374
4669688
4650771
4649044
9414845
4637924
4655489
71692333
4710395
72976327
4636061
64817470
108026742
5073186
4867512
100822246
15835505
9803904
137768476
25536525
35598639
233377960
12926919
132000576
64255452
65497786
26639322
21684007
4330571
189875206
99320492
64149972
102255793
75619445
30277893
27534730
4638345
4288712
35210484
96636940
4647443
4687892
126663634
72462494
4743417
4622487
5103872
64398371
4895039
4608513
44685781
4877233
4565404
136312125
4397524
1988594
4647384
113634219
4795902
4425956
4590340
168121629
4646162
4647439
43925798
132300890
4647404
4868373
4467496
4647397
21488382
8521831
46783706
30980275
75164254
4462289
3096845
4647385
5078579
130534827
34297205
22579288
3754415
4647399
4624004
150937637
4556744
4643934
47835032
12459542
4263843
4267946
4647180
47713815
4548567
4647988
58378867
8255328
26184901
4647180
4647439
4874797
18405396
60970563
4639547
8643408
185748594
159304208
141843799
166217286
131860423
107788046
65233937
46266492
6142151
4699789
4815196
4647384
4663887
4651357
4882585
27141789
4624139
4632681
62398031
90803287
55831248
4950088
4653685
10531145
4617717
8354035
4368401
4647180
41802763
27157215
4544278
83526855
4654171
4651262
4239156
4869794
5377930
4842326
44152886
107451098
155606503
5413368
4647143
4647214
121141105
71426742
4647020
5142825
4650110
4603520
4648862
4569557
4647384
4647275
4647384
4647344
4647291
4831434
4014228
4661199
4647099
4679535
5258244
4638755
4623116
4974309
21259522
4647180
4562135
4680216
4647283
8664102
4647186
4647301
4651072
4653914
4647772
6112349
4647279
5069978
4884065
4649220
4646907
5067730
4707627
16918049
25079789
5782762
4617824
4650055
4700400
111634079
4639634
4647017
209011622
2927195
4653455
4479531
4657067
114653352
4658681
4766049
89735530
4653390
70504140
4487130
2553151
32586722
72055458
4643095
4635411
4590674
4460786
4646471
113632161
4647777
4647326
4647277
16173942
4647259
102177751
92734282
4647891
152991179
61378224
60502859
4647532
117656707
4742572
24375789
4647681
97346840
4647531
4760786
29420534
49526859
17205217
4647883
52998469
5342477
44821244
167940036
4667128
5153449
30556135
4651862
117681815
3337988
25193498
4953477
4646098
4638097
83143743
4815913
4646547
21575256
50626925
48312376
97969313
32071807
4647946
4581201
4684034
109038549
4381779
138552713
4654339
169532955
5519280
105575503
42267033
3935668
55601471
4647105
4482075
67201399
8639123
41573907
4647597
4647921
4647745
4647700
4647724
4647897
4647663
4647670
4647562
4647800
4647671
4648073
4647582
4647776
4647786
4647656
4647833
4647729
4647660
4647800
4647717
4647737
4647660
4647744
4647625
4647734
4647603
4647748
4647906
4647658
4647808
4478828
3797732
7039610
72753883
1565116
4553839
244094468
3789096
4510513
6088419
33336226
40797729
4603216
4784466
6474616
4778639
4357913
4712431
9016614
4785792
4574811
3671790
3841422
4641793
5507390
61656584
4642044
4654453
4483148
2217513
4880646
8528438
127415598
42797426
4634110
42355475
78854063
217603833
81534193
4814577
4723280
4869707
25501352
4868530
25990865
4668311
23331219
4263127
40313397
4619394
4628315
72272547
4884799
117479246
15564140
4572417
5142711
2776513
49438664
4675311
4886141
4638979
44027147
55055063
5588879
4681603
67878157
4588418
5142512
4679521
4688755
16698326
4643273
4656862
4891325
4618758
78731967
153855996
4647907
147004607
8608384
4649133
4838775
77514497
157109251
4663432
106711860
112527215
4647455
56660172
4647455
99010590
4641159
929046
4381751
4654600
26881475
107013499
4650246
4602553
4735175
4545999
6141270
4482881
4625392
4833188
4647972
2750131
82250158
232907419
8550311
22243140
128478334
4582322
4571976
27666587
4638474
4896603
54999026
37039637
153327573
103802621
9377397
43677567
57170987
57240865
4647180
85907154
100340939
4895953
4647511
4643566
22698547
118533860
99604546
10985094
4462567
77461870
4645423
4628552
6472248
4469295
4651175
4656903
59292770
5481127
7431368
4500968
4691244
7986975
4436878
4647511
4484600
4649155
4647801
4652234
4658819
23904369
4611158
4838298
7026102
456899
4647862
4647511
4791328
4649518
4681505
4644372
4644372
43835737
56822393
102200538
28949391
104941853
4644372
4647511
4463300
4496330
9025758
4664547
14887407
4717928
4703031
36616190
4757083
39935858
36407635
4647180
144816746
4647770
42591270
18938868
4306267
4651626
8824739
37826797
141923051
4594652
168943263
4647511
4886404
4647180
4655048
4856934
7868221
4586492
4604693
28976891
4647920
4651250
31882671
58278809
44840428
4632332
5925261
4502456
52723442
4590332
7668145
73031363
139968960
4648168
4645298
4793529
4647511
4610540
77797776
4647511
34576606
4397289
4504501
4647511
4647511
5902565
4505282
131499645
120420917
4656888
156485144
5026577
4647511
4749403
4940258
41984700
21409323
4661037
4647511
4647511
66435847
4647807
4447370
5144892
4654540
4662338
4917796
4648481
4154494
4648443
4647706
4350092
4647455
3179662
4536447
4638474
4644024
189943310
107425777
4192604
4622358
4647947
130292817
40515221
48656505
129473545
5720543
4647511
4647917
31199317
4582125
4844751
83631444
2657751
4647680
4651188
4647947
131799668
4648067
6627452
4683527
4678454
4551410
4598740
4443039
4647511
22769958
4341217
59733181
4647511
51226464
57563119
4654756
4394411
113228463
177206750
170092630
4647511
4656932
32125785
4593179
4647511
138264624
4643001
4647511
4646672
5497855
55745926
4647511
42648962
4647511
4647511
3123338
4691957
40263606
4645176
150746652
172638289
4647949
4448787
50584171
32600270
4647935
4654389
11362088
4623478
119747575
91450514
145414645
60244796
4642136
29575585
4647614
104254966
4647401
13015972
4647947
4647852
4647511
4647439
4582322
50060762
4647866
4383474
25516210
4733909
38040289
4647511
4640268
4692163
11658502
4746423
4647866
21998010
120016121
4632868
4647945
4647511
4647511
4883307
4647587
4721499
135520833
14346671
4571912
4647672
4647511
4648067
4639805
4656907
4589092
4647940
4567677
4642878
7556072
116076484
4634446
7738890
89489359
4880868
17080592
6487290
4647511
4648312
5616872
4798346
4628254
4972483
4628444
80239283
4784433
4648013
4543000
29379636
4648011
4651078
4097886
81035400
4649293
4647775
4650483
38107886
4669357
4511322
4692251
4675373
4435393
4647595
4637835
4654727
62660662
4647780
4647798
5983281
20555518
4806506
24144092
52972388
4621586
4658030
71717756
71717756
4167661
51853331
57805358
3893827
4659165
74483171
4647455
36100050
4575637
4687316
4721258
72699770
7679156
4758643
5871958
4603832
4602796
4647452
154440595
4491969
140687091
4648067
40397690
4647511
4648020
4535221
4629327
29886351
4792000
110693546
5000795
4618227
4647511
4647527
4429200
30808568
45485961
7249493
4589542
6576368
4663053
4647701
5744919
114658021
4647637
4648041
4647511
136418647
4677799
154183880
4572497
4662589
89345252
4642753
22773044
202870799
7593286
4603756
11421717
129695121
5263138
87756697
4551292
49452874
69005201
4647757
30024040
4627318
24612462
122934322
4828941
4641944
4647815
76865839
5443306
6682084
137061983
4647800
4647466
4647691
4647774
4647709
4647754
4785963
120033677
109248193
135348338
3676847
4640834
1178578
180509769
71073435
4429594
4234845
4140794
68409998
4798032
4647550
32054636
4652310
42231688
135348154
4519884
28385594
4686789
32992539
120074384
4780480
48205385
4653559
4648401
34012170
54925258
44089803
4618140
4651821
4647318
20074190
4617731
4945863
4485724
4469307
242714864
5539517
153815162
4636001
4642749
4662946
5192997
34434504
8031571
4924716
4648408
101191756
4647848
4647846
4649403
4647898
4643435
4648196
4648188
4648440
3599015
4648385
4648259
4648216
4648175
4648373
4648145
4648177
111797570
4648216
4648140
4648143
4648079
4648415
4648261
4648405
4648078
4648109
4648178
4648481
5232666
4678325
47378660
12169234
5678082
4629810
32478237
4659629
129468136
80006559
4536719
74846858
10750617
4688186
3020432
4784833
4637497
43490392
4641855
129686256
43045961
9350945
4666593
23680196
4955145
4467773
162689162
4664210
15335734
4695827
4617098
18659388
15044685
4706865
103624731
4312789
4867804
4390829
113905784
4411600
4602499
4671536
33170229
33714722
158134061
75327067
4207383
4848904
146354098
4989159
4663304
4678322
49982607
4649632
4648187
5135350
144243663
6696059
4614353
72154398
4642523
4595498
4646120
346973
49083500
4907559
4570889
4605358
4648162
4646247
90488372
177960910
4777550
41704844
73853926
2564592
129207633
4647921
6174080
4762198
4595529
4635911
4687238
4661503
4638790
4653828
4648303
4512254
64256957
4624186
8607782
4642649
92617471
4648401
4648493
235208225
2304071
4753192
5045737
4721988
51879484
4629711
132649511
4807177
4452985
69161058
79430720
4312673
4566449
11198042
4724672
6294630
70611999
4693426
4318675
4647895
4647809
4647710
10881641
4652106
4756142
6287804
39077589
54659571
5721928
69341741
4942302
4647511
11025368
4651345
6823677
4643626
14990899
5302713
4712766
4648023
47248482
4648023
4646386
4229294
4642019
4538492
166642332
4780368
4642739
79349571
4427393
4743673
72807057
4641357
4654951
9480045
15984988
69186807
42440257
4627548
5524355
4687265
142465020
4666975
4648318
3877228
132358506
22888624
43970840
4907663
4648023
4655942
5977874
4553500
4560213
6796086
10116765
23320014
92985442
69287062
58519776
9875379
4412778
54776773
82747729
84851703
232170
14888164
147746269
4648407
4198732
4648418
4648023
63340746
4648415
6690152
19260232
4648023
4648023
13924813
42168754
60360230
5741721
4337201
4648447
33571283
71116315
5280068
4091713
5995494
4648297
4648033
4423990
4648321
120533910
4310160
138449658
4647656
132145495
4845590
14427046
4648023
4648023
4648023
1134829
133321809
4080600
18708736
4648302
23776455
4650055
124757369
7586974
4648025
4772464
4648023
25568825
4648023
4597371
4723562
4868370
3070044
121548468
4610898
4280349
8048661
4644405
4508510
4658795
4597769
4654526
4603683
78339178
4648460
4648023
4648023
131471954
4577061
4639660
46090863
57966843
4730474
4654680
4648451
4642786
5654639
8537255
9029390
37772960
4648405
178108470
63020218
4982850
4646766
4646812
4648403
104417474
4648408
4904571
4534747
4648405
4895535
47120835
4863580
4648407
32614987
32016283
4571483
115617400
5036209
111770664
4623574
4249477
5114011
9724894
73743120
4649797
4648433
4608657
4648366
4445400
54764450
4648023
4624162
4648023
10343052
4522585
22467351
4646645
4675211
49944860
5064912
1905340
46909885
34302049
3848689
185008009
4595098
4619031
4007439
44942566
5952572
8356327
35797306
4648405
4515180
4675054
4648415
23981514
4658319
51754364
4653934
4668221
4652744
5000742
38989235
188859532
4828209
75012591
4648537
21047478
5482740
19475547
4648162
6124296
4648537
72189507
208554494
4648184
4648047
4366059
4393841
4586783
4649880
97569777
7768366
41791468
3866670
4491057
4491918
4648410
4240420
100297660
4597565
4647838
72424515
4903628
124283665
4553515
4648105
4649370
4648163
108607178
5187869
903785
4371332
4648467
4475036
161866359
33855548
16212323
21425959
4539293
32392997
4656535
65481520
4644843
4848623
71276591
5338850
4634451
4653706
4413421
4653685
2850201
25157319
40402272
6461762
4707840
5129865
20609694
4648447
4489012
3596058
8831227
32545169
4641739
89911185
4538415
4651060
190878273
117153330
59993117
2880979
3945988
36575178
82049996
4648454
27695251
6953304
15969610
219764322
33289505
4452838
4645393
129240339
4841982
13944271
109423601
136955867
4632455
26693103
58319122
6107624
3527891
8798956
4524925
32232344
20941826
4648448
4642765
4488823
137873748
6817844
111582529
129492888
67926067
3471831
78879502
4640161
66432763
4224255
4659136
4222021
4649130
4651497
91670436
128810473
6772173
15417229
4648259
5912249
68317297
16230787
3357470
5967816
7906663
4648023
4611423
6243848
122055901
44299895
4644371
4501519
9842892
18332517
4522625
2240175
4860522
104052722
100098845
29619781
134845851
5497447
4837862
61328793
4634765
4641931
5438286
4648023
201056955
112590229
79743709
4648955
14497133
4656977
5265440
4668802
2724435
4616670
4635440
133306037
7836698
3842598
26584365
28844114
128315912
4647981
4648050
32638252
4648236
11196267
90316115
4648230
4648281
4648243
4648023
81690766
4648246
4648136
4647999
4648237
4648310
4625607
17630738
4942370
184129650
4907084
186987714
4644526
4648142
4648282
4648023
7537391
120055224
4648139
4642772
4643002
18547634
4817212
116827997
18093574
4623111
49498981
9718083
4599933
4954615
236520601
4667250
4593354
4545167
4725527
4890051
4719078
4482578
4476008
241568729
4370791
97352885
4645324
4648258
4193585
62952096
44670453
36398020
4677160
4857937
4521595
4977705
201559082
199760982
4648023
53319238
4889618
4647679
72385787
64846495
4699432
4676928
4860687
4634636
4648340
4648155
4652639
4648357
4656518
4590479
4457126
141948217
4661055
4648223
4641040
24911953
8856120
71573631
5591459
3979086
33506160
4293387
4648346
4651527
4649013
4648216
4648325
18086900
174090533
4664582
4446017
19688643
17867137
70611922
4658776
4648606
30003363
84677937
4648667
6230595
4648675
131766872
4648658
240867863
28825610
4586437
4648672
6481609
4451088
80096335
4648023
85323510
4359443
4647678
4646652
4643056
30266384
81382536
4788106
75068616
4631224
56460775
4605789
67923918
70909309
4558639
59757366
4633939
90858446
4659211
93745382
107492695
4643343
9870416
4648050
22834039
3527181
